   4.1570000000000000e+03	   4.4410000000000000e+03	   1.0000000000000000e+00	   0.0000000000000000e+00	
   8.5120000000000000e+03	   8.7080000000000000e+03	   1.0000000000000000e+00	   0.0000000000000000e+00	
   1.2625000000000000e+04	   1.2942000000000000e+04	   1.0000000000000000e+00	   0.0000000000000000e+00	
   1.3597000000000000e+04	   1.3990000000000000e+04	   1.0000000000000000e+00	   0.0000000000000000e+00	
   1.6386000000000000e+04	   1.6648000000000000e+04	   1.0000000000000000e+00	   0.0000000000000000e+00	
   2.0027000000000000e+04	   2.0279000000000000e+04	   1.0000000000000000e+00	   0.0000000000000000e+00	
   2.3312000000000000e+04	   2.3601000000000000e+04	   1.0000000000000000e+00	   0.0000000000000000e+00	
   3.0658000000000000e+04	   3.0948000000000000e+04	   1.0000000000000000e+00	   0.0000000000000000e+00	
   5.9226000000000000e+04	   5.9491000000000000e+04	   1.0000000000000000e+00	   0.0000000000000000e+00	
   6.2245000000000000e+04	   6.2531000000000000e+04	   1.0000000000000000e+00	   0.0000000000000000e+00	
   6.8080000000000000e+04	   6.8740000000000000e+04	   1.0000000000000000e+00	   0.0000000000000000e+00	
   7.1603000000000000e+04	   7.1847000000000000e+04	   1.0000000000000000e+00	   0.0000000000000000e+00	
   7.5176000000000000e+04	   7.5440000000000000e+04	   1.0000000000000000e+00	   0.0000000000000000e+00	
