   2.9100000000000000e+02	   5.6000000000000000e+02	   1.0000000000000000e+00	   0.0000000000000000e+00	
   3.3700000000000000e+03	   4.0860000000000000e+03	   1.0000000000000000e+00	   0.0000000000000000e+00	
   1.0378000000000000e+04	   1.0656000000000000e+04	   1.0000000000000000e+00	   0.0000000000000000e+00	
   1.0655000000000000e+04	   1.0868000000000000e+04	   1.0000000000000000e+00	   0.0000000000000000e+00	
   1.7143000000000000e+04	   1.7559000000000000e+04	   1.0000000000000000e+00	   0.0000000000000000e+00	
   2.3212000000000000e+04	   2.3611000000000000e+04	   1.0000000000000000e+00	   0.0000000000000000e+00	
   2.8931000000000000e+04	   2.9244000000000000e+04	   1.0000000000000000e+00	   0.0000000000000000e+00	
   2.9327000000000000e+04	   2.9488000000000000e+04	   1.0000000000000000e+00	   0.0000000000000000e+00	
   3.4379000000000000e+04	   3.4736000000000000e+04	   1.0000000000000000e+00	   0.0000000000000000e+00	
   4.3374000000000000e+04	   4.3683000000000000e+04	   1.0000000000000000e+00	   0.0000000000000000e+00	
   5.4962000000000000e+04	   5.5351000000000000e+04	   1.0000000000000000e+00	   0.0000000000000000e+00	
   6.6609000000000000e+04	   6.6849000000000000e+04	   1.0000000000000000e+00	   0.0000000000000000e+00	
   7.0777000000000000e+04	   7.1077000000000000e+04	   1.0000000000000000e+00	   0.0000000000000000e+00	
   7.2455000000000000e+04	   7.2855000000000000e+04	   1.0000000000000000e+00	   0.0000000000000000e+00	
   9.5767000000000000e+04	   9.6050000000000000e+04	   1.0000000000000000e+00	   0.0000000000000000e+00	
   1.0031200000000000e+05	   1.0065900000000000e+05	   1.0000000000000000e+00	   0.0000000000000000e+00	
   1.0351000000000000e+05	   1.0388800000000000e+05	   1.0000000000000000e+00	   0.0000000000000000e+00	
   1.1030900000000000e+05	   1.1067300000000000e+05	   1.0000000000000000e+00	   0.0000000000000000e+00	
   1.1330400000000000e+05	   1.1366600000000000e+05	   1.0000000000000000e+00	   0.0000000000000000e+00	
   1.4059300000000000e+05	   1.4090000000000000e+05	   1.0000000000000000e+00	   0.0000000000000000e+00	
   1.4499200000000000e+05	   1.4536900000000000e+05	   1.0000000000000000e+00	   0.0000000000000000e+00	
   1.4986300000000000e+05	   1.5021000000000000e+05	   1.0000000000000000e+00	   0.0000000000000000e+00	
   1.5224600000000000e+05	   1.5261400000000000e+05	   1.0000000000000000e+00	   0.0000000000000000e+00	
   1.6036900000000000e+05	   1.6063700000000000e+05	   1.0000000000000000e+00	   0.0000000000000000e+00	
   1.7136000000000000e+05	   1.7200200000000000e+05	   1.0000000000000000e+00	   0.0000000000000000e+00	
   1.7399100000000000e+05	   1.7436600000000000e+05	   1.0000000000000000e+00	   0.0000000000000000e+00	
   1.8234500000000000e+05	   1.8256200000000000e+05	   1.0000000000000000e+00	   0.0000000000000000e+00	
   1.8529400000000000e+05	   1.8673200000000000e+05	   1.0000000000000000e+00	   0.0000000000000000e+00	
   1.9169500000000000e+05	   1.9204000000000000e+05	   1.0000000000000000e+00	   0.0000000000000000e+00	
   1.9203900000000000e+05	   1.9263700000000000e+05	   1.0000000000000000e+00	   0.0000000000000000e+00	
   1.9849800000000000e+05	   1.9899300000000000e+05	   1.0000000000000000e+00	   0.0000000000000000e+00	
   2.0123700000000000e+05	   2.0156300000000000e+05	   1.0000000000000000e+00	   0.0000000000000000e+00	
   2.0181600000000000e+05	   2.0199000000000000e+05	   1.0000000000000000e+00	   0.0000000000000000e+00	
   2.0876600000000000e+05	   2.0914800000000000e+05	   1.0000000000000000e+00	   0.0000000000000000e+00	
   2.1801700000000000e+05	   2.1821300000000000e+05	   1.0000000000000000e+00	   0.0000000000000000e+00	
   2.2209200000000000e+05	   2.2241600000000000e+05	   1.0000000000000000e+00	   0.0000000000000000e+00	
   2.2523600000000000e+05	   2.2553800000000000e+05	   1.0000000000000000e+00	   0.0000000000000000e+00	
   2.2794700000000000e+05	   2.2826200000000000e+05	   1.0000000000000000e+00	   0.0000000000000000e+00	
   2.3069900000000000e+05	   2.3099200000000000e+05	   1.0000000000000000e+00	   0.0000000000000000e+00	
   2.3343900000000000e+05	   2.3375200000000000e+05	   1.0000000000000000e+00	   0.0000000000000000e+00	
   2.3683100000000000e+05	   2.3723300000000000e+05	   1.0000000000000000e+00	   0.0000000000000000e+00	
   2.4361200000000000e+05	   2.4380600000000000e+05	   1.0000000000000000e+00	   0.0000000000000000e+00	
   2.4978000000000000e+05	   2.5018600000000000e+05	   1.0000000000000000e+00	   0.0000000000000000e+00	
   2.5179200000000000e+05	   2.5211700000000000e+05	   1.0000000000000000e+00	   0.0000000000000000e+00	
   2.5405300000000000e+05	   2.5444900000000000e+05	   1.0000000000000000e+00	   0.0000000000000000e+00	
   2.5820800000000000e+05	   2.5853900000000000e+05	   1.0000000000000000e+00	   0.0000000000000000e+00	
   2.6226100000000000e+05	   2.6261300000000000e+05	   1.0000000000000000e+00	   0.0000000000000000e+00	
   2.6609600000000000e+05	   2.6636700000000000e+05	   1.0000000000000000e+00	   0.0000000000000000e+00	
   2.6768900000000000e+05	   2.6797700000000000e+05	   1.0000000000000000e+00	   0.0000000000000000e+00	
   2.7293800000000000e+05	   2.7333000000000000e+05	   1.0000000000000000e+00	   0.0000000000000000e+00	
