   1.4816000000000000e+04	   1.5159000000000000e+04	   1.0000000000000000e+00	   0.0000000000000000e+00	
   2.2669000000000000e+04	   2.3043000000000000e+04	   1.0000000000000000e+00	   0.0000000000000000e+00	
   3.3989000000000000e+04	   3.4298000000000000e+04	   1.0000000000000000e+00	   0.0000000000000000e+00	
   3.8699000000000000e+04	   3.8998000000000000e+04	   1.0000000000000000e+00	   0.0000000000000000e+00	
   4.2871000000000000e+04	   4.3160000000000000e+04	   1.0000000000000000e+00	   0.0000000000000000e+00	
   4.5879000000000000e+04	   4.6175000000000000e+04	   1.0000000000000000e+00	   0.0000000000000000e+00	
   8.6599000000000000e+04	   8.6871000000000000e+04	   1.0000000000000000e+00	   0.0000000000000000e+00	
   9.2523000000000000e+04	   9.2976000000000000e+04	   1.0000000000000000e+00	   0.0000000000000000e+00	
   9.8964000000000000e+04	   9.9238000000000000e+04	   1.0000000000000000e+00	   0.0000000000000000e+00	
   1.0333000000000000e+05	   1.0356800000000000e+05	   1.0000000000000000e+00	   0.0000000000000000e+00	
   1.0991500000000000e+05	   1.1022800000000000e+05	   1.0000000000000000e+00	   0.0000000000000000e+00	
   1.1300400000000000e+05	   1.1327600000000000e+05	   1.0000000000000000e+00	   0.0000000000000000e+00	
   1.4643100000000000e+05	   1.4667500000000000e+05	   1.0000000000000000e+00	   0.0000000000000000e+00	
   1.5154300000000000e+05	   1.5180000000000000e+05	   1.0000000000000000e+00	   0.0000000000000000e+00	
   1.5903700000000000e+05	   1.5933600000000000e+05	   1.0000000000000000e+00	   0.0000000000000000e+00	
   1.6428500000000000e+05	   1.6455200000000000e+05	   1.0000000000000000e+00	   0.0000000000000000e+00	
   1.6890400000000000e+05	   1.6913700000000000e+05	   1.0000000000000000e+00	   0.0000000000000000e+00	
   2.1274200000000000e+05	   2.1477100000000000e+05	   1.0000000000000000e+00	   0.0000000000000000e+00	
   2.1953400000000000e+05	   2.1981200000000000e+05	   1.0000000000000000e+00	   0.0000000000000000e+00	
   2.2214100000000000e+05	   2.2271500000000000e+05	   1.0000000000000000e+00	   0.0000000000000000e+00	
