   9.0600000000000000e+03	   9.3100000000000000e+03	   1.0000000000000000e+00	   0.0000000000000000e+00	
   1.0204000000000000e+04	   1.0424000000000000e+04	   1.0000000000000000e+00	   0.0000000000000000e+00	
   1.9920000000000000e+04	   2.0255000000000000e+04	   1.0000000000000000e+00	   0.0000000000000000e+00	
   2.9655000000000000e+04	   2.9947000000000000e+04	   1.0000000000000000e+00	   0.0000000000000000e+00	
   3.9889000000000000e+04	   4.0189000000000000e+04	   1.0000000000000000e+00	   0.0000000000000000e+00	
   4.2154000000000000e+04	   4.2530000000000000e+04	   1.0000000000000000e+00	   0.0000000000000000e+00	
   5.4180000000000000e+04	   5.4469000000000000e+04	   1.0000000000000000e+00	   0.0000000000000000e+00	
   5.6758000000000000e+04	   5.6957000000000000e+04	   1.0000000000000000e+00	   0.0000000000000000e+00	
   6.1746000000000000e+04	   6.2099000000000000e+04	   1.0000000000000000e+00	   0.0000000000000000e+00	
   6.4479000000000000e+04	   6.4755000000000000e+04	   1.0000000000000000e+00	   0.0000000000000000e+00	
   7.6938000000000000e+04	   7.7291000000000000e+04	   1.0000000000000000e+00	   0.0000000000000000e+00	
   7.9699000000000000e+04	   7.9924000000000000e+04	   1.0000000000000000e+00	   0.0000000000000000e+00	
   8.3978000000000000e+04	   8.4276000000000000e+04	   1.0000000000000000e+00	   0.0000000000000000e+00	
   8.6570000000000000e+04	   8.6894000000000000e+04	   1.0000000000000000e+00	   0.0000000000000000e+00	
   9.9229000000000000e+04	   9.9539000000000000e+04	   1.0000000000000000e+00	   0.0000000000000000e+00	
   1.0066700000000000e+05	   1.0084800000000000e+05	   1.0000000000000000e+00	   0.0000000000000000e+00	
   1.0358400000000000e+05	   1.0380700000000000e+05	   1.0000000000000000e+00	   0.0000000000000000e+00	
   1.0678100000000000e+05	   1.0714300000000000e+05	   1.0000000000000000e+00	   0.0000000000000000e+00	
   1.1836100000000000e+05	   1.1872300000000000e+05	   1.0000000000000000e+00	   0.0000000000000000e+00	
   1.2259900000000000e+05	   1.2277900000000000e+05	   1.0000000000000000e+00	   0.0000000000000000e+00	
   1.2501900000000000e+05	   1.2530700000000000e+05	   1.0000000000000000e+00	   0.0000000000000000e+00	
   1.2731400000000000e+05	   1.2760800000000000e+05	   1.0000000000000000e+00	   0.0000000000000000e+00	
   1.3823900000000000e+05	   1.3857400000000000e+05	   1.0000000000000000e+00	   0.0000000000000000e+00	
   1.4145400000000000e+05	   1.4172300000000000e+05	   1.0000000000000000e+00	   0.0000000000000000e+00	
   1.4404900000000000e+05	   1.4434200000000000e+05	   1.0000000000000000e+00	   0.0000000000000000e+00	
   1.4635300000000000e+05	   1.4666300000000000e+05	   1.0000000000000000e+00	   0.0000000000000000e+00	
   1.5780400000000000e+05	   1.5815900000000000e+05	   1.0000000000000000e+00	   0.0000000000000000e+00	
   1.5954100000000000e+05	   1.5972500000000000e+05	   1.0000000000000000e+00	   0.0000000000000000e+00	
   1.6278100000000000e+05	   1.6308300000000000e+05	   1.0000000000000000e+00	   0.0000000000000000e+00	
   1.6555300000000000e+05	   1.6581600000000000e+05	   1.0000000000000000e+00	   0.0000000000000000e+00	
   1.7565100000000000e+05	   1.7598500000000000e+05	   1.0000000000000000e+00	   0.0000000000000000e+00	
   1.7800200000000000e+05	   1.7828200000000000e+05	   1.0000000000000000e+00	   0.0000000000000000e+00	
   1.8051900000000000e+05	   1.8081700000000000e+05	   1.0000000000000000e+00	   0.0000000000000000e+00	
   1.8395900000000000e+05	   1.8421400000000000e+05	   1.0000000000000000e+00	   0.0000000000000000e+00	
   1.8506800000000000e+05	   1.8537000000000000e+05	   1.0000000000000000e+00	   0.0000000000000000e+00	
   1.8671200000000000e+05	   1.8701000000000000e+05	   1.0000000000000000e+00	   0.0000000000000000e+00	
   1.9785800000000000e+05	   1.9823600000000000e+05	   1.0000000000000000e+00	   0.0000000000000000e+00	
   2.0270800000000000e+05	   2.0302000000000000e+05	   1.0000000000000000e+00	   0.0000000000000000e+00	
   2.0666900000000000e+05	   2.0697100000000000e+05	   1.0000000000000000e+00	   0.0000000000000000e+00	
   2.0864700000000000e+05	   2.0903400000000000e+05	   1.0000000000000000e+00	   0.0000000000000000e+00	
   2.1937300000000000e+05	   2.1975900000000000e+05	   1.0000000000000000e+00	   0.0000000000000000e+00	
   2.2331600000000000e+05	   2.2366200000000000e+05	   1.0000000000000000e+00	   0.0000000000000000e+00	
   2.2693200000000000e+05	   2.2724500000000000e+05	   1.0000000000000000e+00	   0.0000000000000000e+00	
   2.2846500000000000e+05	   2.2885400000000000e+05	   1.0000000000000000e+00	   0.0000000000000000e+00	
   2.4007100000000000e+05	   2.4043700000000000e+05	   1.0000000000000000e+00	   0.0000000000000000e+00	
   2.4287100000000000e+05	   2.4317000000000000e+05	   1.0000000000000000e+00	   0.0000000000000000e+00	
   2.4717700000000000e+05	   2.4747800000000000e+05	   1.0000000000000000e+00	   0.0000000000000000e+00	
   2.5348500000000000e+05	   2.5381700000000000e+05	   1.0000000000000000e+00	   0.0000000000000000e+00	
   2.6192100000000000e+05	   2.6227500000000000e+05	   1.0000000000000000e+00	   0.0000000000000000e+00	
   2.7370100000000000e+05	   2.7400100000000000e+05	   1.0000000000000000e+00	   0.0000000000000000e+00	
   2.8541400000000000e+05	   2.8569200000000000e+05	   1.0000000000000000e+00	   0.0000000000000000e+00	
   2.9560900000000000e+05	   2.9586900000000000e+05	   1.0000000000000000e+00	   0.0000000000000000e+00	
   2.9697900000000000e+05	   2.9716000000000000e+05	   1.0000000000000000e+00	   0.0000000000000000e+00	
   3.0172500000000000e+05	   3.0199000000000000e+05	   1.0000000000000000e+00	   0.0000000000000000e+00	
   3.1302300000000000e+05	   3.1330300000000000e+05	   1.0000000000000000e+00	   0.0000000000000000e+00	
   3.1481900000000000e+05	   3.1500200000000000e+05	   1.0000000000000000e+00	   0.0000000000000000e+00	
   3.2306400000000000e+05	   3.2326100000000000e+05	   1.0000000000000000e+00	   0.0000000000000000e+00	
