   1.8120000000000000e+03	   2.0500000000000000e+03	   1.0000000000000000e+00	   0.0000000000000000e+00	
   6.2500000000000000e+03	   6.5010000000000000e+03	   1.0000000000000000e+00	   0.0000000000000000e+00	
   9.3900000000000000e+03	   9.6540000000000000e+03	   1.0000000000000000e+00	   0.0000000000000000e+00	
   1.1555000000000000e+04	   1.1783000000000000e+04	   1.0000000000000000e+00	   0.0000000000000000e+00	
   1.3453000000000000e+04	   1.3688000000000000e+04	   1.0000000000000000e+00	   0.0000000000000000e+00	
   1.6907000000000000e+04	   1.7149000000000000e+04	   1.0000000000000000e+00	   0.0000000000000000e+00	
   1.9434000000000000e+04	   1.9722000000000000e+04	   1.0000000000000000e+00	   0.0000000000000000e+00	
   2.1664000000000000e+04	   2.1902000000000000e+04	   1.0000000000000000e+00	   0.0000000000000000e+00	
   2.6447000000000000e+04	   2.6701000000000000e+04	   1.0000000000000000e+00	   0.0000000000000000e+00	
   3.0307000000000000e+04	   3.0547000000000000e+04	   1.0000000000000000e+00	   0.0000000000000000e+00	
   3.3035000000000000e+04	   3.3266000000000000e+04	   1.0000000000000000e+00	   0.0000000000000000e+00	
   3.5147000000000000e+04	   3.5476000000000000e+04	   1.0000000000000000e+00	   0.0000000000000000e+00	
   3.9237000000000000e+04	   3.9478000000000000e+04	   1.0000000000000000e+00	   0.0000000000000000e+00	
   4.1902000000000000e+04	   4.2103000000000000e+04	   1.0000000000000000e+00	   0.0000000000000000e+00	
   4.3494000000000000e+04	   4.3701000000000000e+04	   1.0000000000000000e+00	   0.0000000000000000e+00	
   4.5135000000000000e+04	   4.5340000000000000e+04	   1.0000000000000000e+00	   0.0000000000000000e+00	
   4.7114000000000000e+04	   4.7361000000000000e+04	   1.0000000000000000e+00	   0.0000000000000000e+00	
   5.0043000000000000e+04	   5.0266000000000000e+04	   1.0000000000000000e+00	   0.0000000000000000e+00	
   5.7130000000000000e+04	   5.7396000000000000e+04	   1.0000000000000000e+00	   0.0000000000000000e+00	
   5.8547000000000000e+04	   5.8771000000000000e+04	   1.0000000000000000e+00	   0.0000000000000000e+00	
   6.1566000000000000e+04	   6.1811000000000000e+04	   1.0000000000000000e+00	   0.0000000000000000e+00	
   6.4250000000000000e+04	   6.4498000000000000e+04	   1.0000000000000000e+00	   0.0000000000000000e+00	
   6.5964000000000000e+04	   6.6204000000000000e+04	   1.0000000000000000e+00	   0.0000000000000000e+00	
   7.5426000000000000e+04	   7.5641000000000000e+04	   1.0000000000000000e+00	   0.0000000000000000e+00	
   7.8378000000000000e+04	   7.8619000000000000e+04	   1.0000000000000000e+00	   0.0000000000000000e+00	
   8.0366000000000000e+04	   8.0781000000000000e+04	   1.0000000000000000e+00	   0.0000000000000000e+00	
   9.1096000000000000e+04	   9.1332000000000000e+04	   1.0000000000000000e+00	   0.0000000000000000e+00	
   9.2466000000000000e+04	   9.2679000000000000e+04	   1.0000000000000000e+00	   0.0000000000000000e+00	
   9.5187000000000000e+04	   9.5447000000000000e+04	   1.0000000000000000e+00	   0.0000000000000000e+00	
   9.6702000000000000e+04	   9.7005000000000000e+04	   1.0000000000000000e+00	   0.0000000000000000e+00	
   1.0694600000000000e+05	   1.0725500000000000e+05	   1.0000000000000000e+00	   0.0000000000000000e+00	
   1.0822000000000000e+05	   1.0847100000000000e+05	   1.0000000000000000e+00	   0.0000000000000000e+00	
   1.0969400000000000e+05	   1.1006700000000000e+05	   1.0000000000000000e+00	   0.0000000000000000e+00	
   1.2005200000000000e+05	   1.2037500000000000e+05	   1.0000000000000000e+00	   0.0000000000000000e+00	
   1.2164100000000000e+05	   1.2187000000000000e+05	   1.0000000000000000e+00	   0.0000000000000000e+00	
   1.2329400000000000e+05	   1.2360600000000000e+05	   1.0000000000000000e+00	   0.0000000000000000e+00	
   1.2469200000000000e+05	   1.2492500000000000e+05	   1.0000000000000000e+00	   0.0000000000000000e+00	
   1.2742200000000000e+05	   1.2766600000000000e+05	   1.0000000000000000e+00	   0.0000000000000000e+00	
   1.3026500000000000e+05	   1.3053300000000000e+05	   1.0000000000000000e+00	   0.0000000000000000e+00	
   1.3593600000000000e+05	   1.3616800000000000e+05	   1.0000000000000000e+00	   0.0000000000000000e+00	
   1.4089600000000000e+05	   1.4114300000000000e+05	   1.0000000000000000e+00	   0.0000000000000000e+00	
   1.4409700000000000e+05	   1.4430500000000000e+05	   1.0000000000000000e+00	   0.0000000000000000e+00	
   1.4710400000000000e+05	   1.4731800000000000e+05	   1.0000000000000000e+00	   0.0000000000000000e+00	
   1.5040600000000000e+05	   1.5061900000000000e+05	   1.0000000000000000e+00	   0.0000000000000000e+00	
   1.5450700000000000e+05	   1.5478000000000000e+05	   1.0000000000000000e+00	   0.0000000000000000e+00	
   1.5852400000000000e+05	   1.5874800000000000e+05	   1.0000000000000000e+00	   0.0000000000000000e+00	
   1.6107900000000000e+05	   1.6132100000000000e+05	   1.0000000000000000e+00	   0.0000000000000000e+00	
   1.6348500000000000e+05	   1.6371000000000000e+05	   1.0000000000000000e+00	   0.0000000000000000e+00	
   1.6660100000000000e+05	   1.6681400000000000e+05	   1.0000000000000000e+00	   0.0000000000000000e+00	
   1.7016100000000000e+05	   1.7039300000000000e+05	   1.0000000000000000e+00	   0.0000000000000000e+00	
   1.7313500000000000e+05	   1.7338300000000000e+05	   1.0000000000000000e+00	   0.0000000000000000e+00	
   1.7585800000000000e+05	   1.7605600000000000e+05	   1.0000000000000000e+00	   0.0000000000000000e+00	
   1.8175500000000000e+05	   1.8198500000000000e+05	   1.0000000000000000e+00	   0.0000000000000000e+00	
   1.8382200000000000e+05	   1.8404700000000000e+05	   1.0000000000000000e+00	   0.0000000000000000e+00	
   1.8747500000000000e+05	   1.8774300000000000e+05	   1.0000000000000000e+00	   0.0000000000000000e+00	
   1.9240000000000000e+05	   1.9264100000000000e+05	   1.0000000000000000e+00	   0.0000000000000000e+00	
   1.9546200000000000e+05	   1.9571000000000000e+05	   1.0000000000000000e+00	   0.0000000000000000e+00	
   1.9785600000000000e+05	   1.9810100000000000e+05	   1.0000000000000000e+00	   0.0000000000000000e+00	
   2.0373400000000000e+05	   2.0397000000000000e+05	   1.0000000000000000e+00	   0.0000000000000000e+00	
   2.0612700000000000e+05	   2.0636400000000000e+05	   1.0000000000000000e+00	   0.0000000000000000e+00	
   2.0955000000000000e+05	   2.0977400000000000e+05	   1.0000000000000000e+00	   0.0000000000000000e+00	
