   2.7790000000000000e+03	   3.0120000000000000e+03	   1.0000000000000000e+00	   0.0000000000000000e+00	
   6.8500000000000000e+03	   7.0770000000000000e+03	   1.0000000000000000e+00	   0.0000000000000000e+00	
   8.2420000000000000e+03	   8.6370000000000000e+03	   1.0000000000000000e+00	   0.0000000000000000e+00	
   1.4955000000000000e+04	   1.5209000000000000e+04	   1.0000000000000000e+00	   0.0000000000000000e+00	
   1.6489000000000000e+04	   1.6834000000000000e+04	   1.0000000000000000e+00	   0.0000000000000000e+00	
   2.3445000000000000e+04	   2.3788000000000000e+04	   1.0000000000000000e+00	   0.0000000000000000e+00	
   2.9074000000000000e+04	   2.9406000000000000e+04	   1.0000000000000000e+00	   0.0000000000000000e+00	
   3.1630000000000000e+04	   3.1927000000000000e+04	   1.0000000000000000e+00	   0.0000000000000000e+00	
   3.9212000000000000e+04	   3.9477000000000000e+04	   1.0000000000000000e+00	   0.0000000000000000e+00	
   4.0550000000000000e+04	   4.0928000000000000e+04	   1.0000000000000000e+00	   0.0000000000000000e+00	
   4.6355000000000000e+04	   4.6582000000000000e+04	   1.0000000000000000e+00	   0.0000000000000000e+00	
   4.8118000000000000e+04	   4.8457000000000000e+04	   1.0000000000000000e+00	   0.0000000000000000e+00	
   5.4582000000000000e+04	   5.4982000000000000e+04	   1.0000000000000000e+00	   0.0000000000000000e+00	
   5.9017000000000000e+04	   5.9359000000000000e+04	   1.0000000000000000e+00	   0.0000000000000000e+00	
   6.5500000000000000e+04	   6.5871000000000000e+04	   1.0000000000000000e+00	   0.0000000000000000e+00	
   7.0566000000000000e+04	   7.0884000000000000e+04	   1.0000000000000000e+00	   0.0000000000000000e+00	
   7.4762000000000000e+04	   7.5075000000000000e+04	   1.0000000000000000e+00	   0.0000000000000000e+00	
   7.7918000000000000e+04	   7.8242000000000000e+04	   1.0000000000000000e+00	   0.0000000000000000e+00	
   7.9528000000000000e+04	   7.9887000000000000e+04	   1.0000000000000000e+00	   0.0000000000000000e+00	
   8.5952000000000000e+04	   8.6363000000000000e+04	   1.0000000000000000e+00	   0.0000000000000000e+00	
   8.9697000000000000e+04	   8.9994000000000000e+04	   1.0000000000000000e+00	   0.0000000000000000e+00	
   9.2284000000000000e+04	   9.2598000000000000e+04	   1.0000000000000000e+00	   0.0000000000000000e+00	
   9.4321000000000000e+04	   9.4925000000000000e+04	   1.0000000000000000e+00	   0.0000000000000000e+00	
   1.0143800000000000e+05	   1.0175800000000000e+05	   1.0000000000000000e+00	   0.0000000000000000e+00	
   1.0376900000000000e+05	   1.0409700000000000e+05	   1.0000000000000000e+00	   0.0000000000000000e+00	
   1.0784200000000000e+05	   1.0824600000000000e+05	   1.0000000000000000e+00	   0.0000000000000000e+00	
   1.1151100000000000e+05	   1.1183600000000000e+05	   1.0000000000000000e+00	   0.0000000000000000e+00	
   1.1368700000000000e+05	   1.1407600000000000e+05	   1.0000000000000000e+00	   0.0000000000000000e+00	
   1.1506200000000000e+05	   1.1542900000000000e+05	   1.0000000000000000e+00	   0.0000000000000000e+00	
   1.2356000000000000e+05	   1.2378700000000000e+05	   1.0000000000000000e+00	   0.0000000000000000e+00	
   1.2512000000000000e+05	   1.2539500000000000e+05	   1.0000000000000000e+00	   0.0000000000000000e+00	
   1.2648200000000000e+05	   1.2674500000000000e+05	   1.0000000000000000e+00	   0.0000000000000000e+00	
   1.2844000000000000e+05	   1.2872800000000000e+05	   1.0000000000000000e+00	   0.0000000000000000e+00	
   1.3046300000000000e+05	   1.3076900000000000e+05	   1.0000000000000000e+00	   0.0000000000000000e+00	
   1.3331800000000000e+05	   1.3363000000000000e+05	   1.0000000000000000e+00	   0.0000000000000000e+00	
   1.3537800000000000e+05	   1.3571800000000000e+05	   1.0000000000000000e+00	   0.0000000000000000e+00	
   1.3878800000000000e+05	   1.3917200000000000e+05	   1.0000000000000000e+00	   0.0000000000000000e+00	
   1.4135400000000000e+05	   1.4167600000000000e+05	   1.0000000000000000e+00	   0.0000000000000000e+00	
   1.4370200000000000e+05	   1.4405700000000000e+05	   1.0000000000000000e+00	   0.0000000000000000e+00	
   1.4645500000000000e+05	   1.4673900000000000e+05	   1.0000000000000000e+00	   0.0000000000000000e+00	
   1.5016200000000000e+05	   1.5051700000000000e+05	   1.0000000000000000e+00	   0.0000000000000000e+00	
   1.5572900000000000e+05	   1.5608400000000000e+05	   1.0000000000000000e+00	   0.0000000000000000e+00	
   1.5747600000000000e+05	   1.5780400000000000e+05	   1.0000000000000000e+00	   0.0000000000000000e+00	
   1.6560300000000000e+05	   1.6583800000000000e+05	   1.0000000000000000e+00	   0.0000000000000000e+00	
   1.6762400000000000e+05	   1.6794800000000000e+05	   1.0000000000000000e+00	   0.0000000000000000e+00	
   1.7352800000000000e+05	   1.7393600000000000e+05	   1.0000000000000000e+00	   0.0000000000000000e+00	
   1.7512600000000000e+05	   1.7539700000000000e+05	   1.0000000000000000e+00	   0.0000000000000000e+00	
   1.8043100000000000e+05	   1.8074800000000000e+05	   1.0000000000000000e+00	   0.0000000000000000e+00	
   1.8246400000000000e+05	   1.8273000000000000e+05	   1.0000000000000000e+00	   0.0000000000000000e+00	
   1.8498900000000000e+05	   1.8525400000000000e+05	   1.0000000000000000e+00	   0.0000000000000000e+00	
   1.8741100000000000e+05	   1.8766100000000000e+05	   1.0000000000000000e+00	   0.0000000000000000e+00	
   1.9026600000000000e+05	   1.9053700000000000e+05	   1.0000000000000000e+00	   0.0000000000000000e+00	
   1.9213100000000000e+05	   1.9243200000000000e+05	   1.0000000000000000e+00	   0.0000000000000000e+00	
   1.9460000000000000e+05	   1.9483500000000000e+05	   1.0000000000000000e+00	   0.0000000000000000e+00	
   1.9761500000000000e+05	   1.9790300000000000e+05	   1.0000000000000000e+00	   0.0000000000000000e+00	
   2.0047400000000000e+05	   2.0077400000000000e+05	   1.0000000000000000e+00	   0.0000000000000000e+00	
   2.0287200000000000e+05	   2.0310500000000000e+05	   1.0000000000000000e+00	   0.0000000000000000e+00	
   2.0517300000000000e+05	   2.0546300000000000e+05	   1.0000000000000000e+00	   0.0000000000000000e+00	
   2.0804600000000000e+05	   2.0830800000000000e+05	   1.0000000000000000e+00	   0.0000000000000000e+00	
   2.1002200000000000e+05	   2.1027400000000000e+05	   1.0000000000000000e+00	   0.0000000000000000e+00	
   2.1361400000000000e+05	   2.1385100000000000e+05	   1.0000000000000000e+00	   0.0000000000000000e+00	
   2.1582800000000000e+05	   2.1613200000000000e+05	   1.0000000000000000e+00	   0.0000000000000000e+00	
   2.1900000000000000e+05	   2.1926000000000000e+05	   1.0000000000000000e+00	   0.0000000000000000e+00	
   2.2151500000000000e+05	   2.2182000000000000e+05	   1.0000000000000000e+00	   0.0000000000000000e+00	
   2.2464000000000000e+05	   2.2489200000000000e+05	   1.0000000000000000e+00	   0.0000000000000000e+00	
   2.2751300000000000e+05	   2.2779400000000000e+05	   1.0000000000000000e+00	   0.0000000000000000e+00	
   2.3057100000000000e+05	   2.3085000000000000e+05	   1.0000000000000000e+00	   0.0000000000000000e+00	
