   2.7040000000000000e+03	   2.9750000000000000e+03	   1.0000000000000000e+00	   0.0000000000000000e+00	
   8.0290000000000000e+03	   8.2700000000000000e+03	   1.0000000000000000e+00	   0.0000000000000000e+00	
   1.0118000000000000e+04	   1.0382000000000000e+04	   1.0000000000000000e+00	   0.0000000000000000e+00	
   1.1854000000000000e+04	   1.2109000000000000e+04	   1.0000000000000000e+00	   0.0000000000000000e+00	
   1.4252000000000000e+04	   1.4528000000000000e+04	   1.0000000000000000e+00	   0.0000000000000000e+00	
   2.0268000000000000e+04	   2.0558000000000000e+04	   1.0000000000000000e+00	   0.0000000000000000e+00	
   2.3137000000000000e+04	   2.3396000000000000e+04	   1.0000000000000000e+00	   0.0000000000000000e+00	
   2.8101000000000000e+04	   2.8400000000000000e+04	   1.0000000000000000e+00	   0.0000000000000000e+00	
   8.1169000000000000e+04	   8.1408000000000000e+04	   1.0000000000000000e+00	   0.0000000000000000e+00	
   8.3108000000000000e+04	   8.3328000000000000e+04	   1.0000000000000000e+00	   0.0000000000000000e+00	
   8.5917000000000000e+04	   8.6155000000000000e+04	   1.0000000000000000e+00	   0.0000000000000000e+00	
   9.1386000000000000e+04	   9.1619000000000000e+04	   1.0000000000000000e+00	   0.0000000000000000e+00	
   9.4686000000000000e+04	   9.4950000000000000e+04	   1.0000000000000000e+00	   0.0000000000000000e+00	
