   4.9310000000000000e+03	   5.2390000000000000e+03	   1.0000000000000000e+00	   0.0000000000000000e+00	
   1.3638000000000000e+04	   1.3960000000000000e+04	   1.0000000000000000e+00	   0.0000000000000000e+00	
   2.0743000000000000e+04	   2.1082000000000000e+04	   1.0000000000000000e+00	   0.0000000000000000e+00	
   2.8753000000000000e+04	   2.9138000000000000e+04	   1.0000000000000000e+00	   0.0000000000000000e+00	
   3.5958000000000000e+04	   3.6291000000000000e+04	   1.0000000000000000e+00	   0.0000000000000000e+00	
   4.6939000000000000e+04	   4.7280000000000000e+04	   1.0000000000000000e+00	   0.0000000000000000e+00	
   5.6377000000000000e+04	   5.6693000000000000e+04	   1.0000000000000000e+00	   0.0000000000000000e+00	
   5.8968000000000000e+04	   5.9359000000000000e+04	   1.0000000000000000e+00	   0.0000000000000000e+00	
   7.6829000000000000e+04	   7.7141000000000000e+04	   1.0000000000000000e+00	   0.0000000000000000e+00	
   8.0983000000000000e+04	   8.1304000000000000e+04	   1.0000000000000000e+00	   0.0000000000000000e+00	
   8.3466000000000000e+04	   8.3832000000000000e+04	   1.0000000000000000e+00	   0.0000000000000000e+00	
   9.8582000000000000e+04	   9.8887000000000000e+04	   1.0000000000000000e+00	   0.0000000000000000e+00	
   1.0237100000000000e+05	   1.0271500000000000e+05	   1.0000000000000000e+00	   0.0000000000000000e+00	
   1.0548400000000000e+05	   1.0584400000000000e+05	   1.0000000000000000e+00	   0.0000000000000000e+00	
   1.2101700000000000e+05	   1.2132600000000000e+05	   1.0000000000000000e+00	   0.0000000000000000e+00	
   1.2339900000000000e+05	   1.2370700000000000e+05	   1.0000000000000000e+00	   0.0000000000000000e+00	
   1.2609900000000000e+05	   1.2650300000000000e+05	   1.0000000000000000e+00	   0.0000000000000000e+00	
   1.3065900000000000e+05	   1.3097200000000000e+05	   1.0000000000000000e+00	   0.0000000000000000e+00	
   1.3146200000000000e+05	   1.3188300000000000e+05	   1.0000000000000000e+00	   0.0000000000000000e+00	
   1.4774500000000000e+05	   1.4808600000000000e+05	   1.0000000000000000e+00	   0.0000000000000000e+00	
   1.4925100000000000e+05	   1.4956300000000000e+05	   1.0000000000000000e+00	   0.0000000000000000e+00	
   1.5141000000000000e+05	   1.5174100000000000e+05	   1.0000000000000000e+00	   0.0000000000000000e+00	
   1.5471200000000000e+05	   1.5498900000000000e+05	   1.0000000000000000e+00	   0.0000000000000000e+00	
   1.5794400000000000e+05	   1.5822300000000000e+05	   1.0000000000000000e+00	   0.0000000000000000e+00	
   1.6064500000000000e+05	   1.6097500000000000e+05	   1.0000000000000000e+00	   0.0000000000000000e+00	
   1.6299600000000000e+05	   1.6332000000000000e+05	   1.0000000000000000e+00	   0.0000000000000000e+00	
   1.6510800000000000e+05	   1.6539400000000000e+05	   1.0000000000000000e+00	   0.0000000000000000e+00	
   1.6833200000000000e+05	   1.6867200000000000e+05	   1.0000000000000000e+00	   0.0000000000000000e+00	
   1.7191500000000000e+05	   1.7221800000000000e+05	   1.0000000000000000e+00	   0.0000000000000000e+00	
   1.7570800000000000e+05	   1.7597800000000000e+05	   1.0000000000000000e+00	   0.0000000000000000e+00	
   1.7799500000000000e+05	   1.7837800000000000e+05	   1.0000000000000000e+00	   0.0000000000000000e+00	
   1.8237800000000000e+05	   1.8274400000000000e+05	   1.0000000000000000e+00	   0.0000000000000000e+00	
   1.8535200000000000e+05	   1.8565000000000000e+05	   1.0000000000000000e+00	   0.0000000000000000e+00	
   1.8905400000000000e+05	   1.8938600000000000e+05	   1.0000000000000000e+00	   0.0000000000000000e+00	
   1.9465200000000000e+05	   1.9495700000000000e+05	   1.0000000000000000e+00	   0.0000000000000000e+00	
   1.9867300000000000e+05	   1.9902400000000000e+05	   1.0000000000000000e+00	   0.0000000000000000e+00	
   2.0254300000000000e+05	   2.0285300000000000e+05	   1.0000000000000000e+00	   0.0000000000000000e+00	
   2.0657700000000000e+05	   2.0687300000000000e+05	   1.0000000000000000e+00	   0.0000000000000000e+00	
   2.1376400000000000e+05	   2.1404400000000000e+05	   1.0000000000000000e+00	   0.0000000000000000e+00	
   2.1646500000000000e+05	   2.1676000000000000e+05	   1.0000000000000000e+00	   0.0000000000000000e+00	
   2.2398600000000000e+05	   2.2425800000000000e+05	   1.0000000000000000e+00	   0.0000000000000000e+00	
