   4.0270000000000000e+03	   4.2320000000000000e+03	   1.0000000000000000e+00	   0.0000000000000000e+00	
   6.8570000000000000e+03	   7.0920000000000000e+03	   1.0000000000000000e+00	   0.0000000000000000e+00	
   9.7010000000000000e+03	   9.8870000000000000e+03	   1.0000000000000000e+00	   0.0000000000000000e+00	
   1.2526000000000000e+04	   1.2749000000000000e+04	   1.0000000000000000e+00	   0.0000000000000000e+00	
   1.4648000000000000e+04	   1.4884000000000000e+04	   1.0000000000000000e+00	   0.0000000000000000e+00	
   1.8139000000000000e+04	   1.8385000000000000e+04	   1.0000000000000000e+00	   0.0000000000000000e+00	
   2.0517000000000000e+04	   2.0748000000000000e+04	   1.0000000000000000e+00	   0.0000000000000000e+00	
   3.2049000000000000e+04	   3.2272000000000000e+04	   1.0000000000000000e+00	   0.0000000000000000e+00	
   3.6164000000000000e+04	   3.6424000000000000e+04	   1.0000000000000000e+00	   0.0000000000000000e+00	
   3.9663000000000000e+04	   3.9922000000000000e+04	   1.0000000000000000e+00	   0.0000000000000000e+00	
   4.3947000000000000e+04	   4.4187000000000000e+04	   1.0000000000000000e+00	   0.0000000000000000e+00	
   5.0564000000000000e+04	   5.0811000000000000e+04	   1.0000000000000000e+00	   0.0000000000000000e+00	
   9.5808000000000000e+04	   9.6017000000000000e+04	   1.0000000000000000e+00	   0.0000000000000000e+00	
   9.8971000000000000e+04	   9.9198000000000000e+04	   1.0000000000000000e+00	   0.0000000000000000e+00	
   1.0177500000000000e+05	   1.0206800000000000e+05	   1.0000000000000000e+00	   0.0000000000000000e+00	
