   1.1805000000000000e+04	   1.2076000000000000e+04	   1.0000000000000000e+00	   0.0000000000000000e+00	
   1.6244000000000000e+04	   1.6498000000000000e+04	   1.0000000000000000e+00	   0.0000000000000000e+00	
   2.4036000000000000e+04	   2.4314000000000000e+04	   1.0000000000000000e+00	   0.0000000000000000e+00	
   2.8502000000000000e+04	   2.8782000000000000e+04	   1.0000000000000000e+00	   0.0000000000000000e+00	
   3.2980000000000000e+04	   3.3211000000000000e+04	   1.0000000000000000e+00	   0.0000000000000000e+00	
   4.2670000000000000e+04	   4.2930000000000000e+04	   1.0000000000000000e+00	   0.0000000000000000e+00	
   4.4586000000000000e+04	   4.4786000000000000e+04	   1.0000000000000000e+00	   0.0000000000000000e+00	
   4.6692000000000000e+04	   4.6916000000000000e+04	   1.0000000000000000e+00	   0.0000000000000000e+00	
   5.0975000000000000e+04	   5.1250000000000000e+04	   1.0000000000000000e+00	   0.0000000000000000e+00	
   1.0829300000000000e+05	   1.0858700000000000e+05	   1.0000000000000000e+00	   0.0000000000000000e+00	
   1.1166200000000000e+05	   1.1194900000000000e+05	   1.0000000000000000e+00	   0.0000000000000000e+00	
   1.1377400000000000e+05	   1.1402600000000000e+05	   1.0000000000000000e+00	   0.0000000000000000e+00	
   1.1942900000000000e+05	   1.1975000000000000e+05	   1.0000000000000000e+00	   0.0000000000000000e+00	
   1.2429800000000000e+05	   1.2459600000000000e+05	   1.0000000000000000e+00	   0.0000000000000000e+00	
   1.3003200000000000e+05	   1.3025800000000000e+05	   1.0000000000000000e+00	   0.0000000000000000e+00	
   1.5051700000000000e+05	   1.5079100000000000e+05	   1.0000000000000000e+00	   0.0000000000000000e+00	
   1.5385100000000000e+05	   1.5414200000000000e+05	   1.0000000000000000e+00	   0.0000000000000000e+00	
   1.5868700000000000e+05	   1.5895400000000000e+05	   1.0000000000000000e+00	   0.0000000000000000e+00	
   1.6211600000000000e+05	   1.6238600000000000e+05	   1.0000000000000000e+00	   0.0000000000000000e+00	
   1.6581800000000000e+05	   1.6628200000000000e+05	   1.0000000000000000e+00	   0.0000000000000000e+00	
   1.7279000000000000e+05	   1.7322800000000000e+05	   1.0000000000000000e+00	   0.0000000000000000e+00	
