   8.4300000000000000e+02	   1.2070000000000000e+03	   1.0000000000000000e+00	   0.0000000000000000e+00	
   7.3270000000000000e+03	   7.7070000000000000e+03	   1.0000000000000000e+00	   0.0000000000000000e+00	
   1.2890000000000000e+04	   1.3268000000000000e+04	   1.0000000000000000e+00	   0.0000000000000000e+00	
   2.1504000000000000e+04	   2.1901000000000000e+04	   1.0000000000000000e+00	   0.0000000000000000e+00	
   2.8434000000000000e+04	   2.8790000000000000e+04	   1.0000000000000000e+00	   0.0000000000000000e+00	
   4.0165000000000000e+04	   4.0526000000000000e+04	   1.0000000000000000e+00	   0.0000000000000000e+00	
   4.7190000000000000e+04	   4.7541000000000000e+04	   1.0000000000000000e+00	   0.0000000000000000e+00	
   5.2366000000000000e+04	   5.3049000000000000e+04	   1.0000000000000000e+00	   0.0000000000000000e+00	
   6.4424000000000000e+04	   6.4683000000000000e+04	   1.0000000000000000e+00	   0.0000000000000000e+00	
   6.9680000000000000e+04	   7.0064000000000000e+04	   1.0000000000000000e+00	   0.0000000000000000e+00	
   7.3566000000000000e+04	   7.3942000000000000e+04	   1.0000000000000000e+00	   0.0000000000000000e+00	
   7.5655000000000000e+04	   7.6148000000000000e+04	   1.0000000000000000e+00	   0.0000000000000000e+00	
   9.0123000000000000e+04	   9.0413000000000000e+04	   1.0000000000000000e+00	   0.0000000000000000e+00	
   1.0100100000000000e+05	   1.0141500000000000e+05	   1.0000000000000000e+00	   0.0000000000000000e+00	
   1.0275600000000000e+05	   1.0323300000000000e+05	   1.0000000000000000e+00	   0.0000000000000000e+00	
   1.1449100000000000e+05	   1.1475400000000000e+05	   1.0000000000000000e+00	   0.0000000000000000e+00	
   1.2383700000000000e+05	   1.2414100000000000e+05	   1.0000000000000000e+00	   0.0000000000000000e+00	
   1.2925400000000000e+05	   1.2967200000000000e+05	   1.0000000000000000e+00	   0.0000000000000000e+00	
   1.3914700000000000e+05	   1.3945600000000000e+05	   1.0000000000000000e+00	   0.0000000000000000e+00	
   1.4174300000000000e+05	   1.4205800000000000e+05	   1.0000000000000000e+00	   0.0000000000000000e+00	
   1.4587200000000000e+05	   1.4631400000000000e+05	   1.0000000000000000e+00	   0.0000000000000000e+00	
   1.4737900000000000e+05	   1.4788200000000000e+05	   1.0000000000000000e+00	   0.0000000000000000e+00	
   1.5801200000000000e+05	   1.5829100000000000e+05	   1.0000000000000000e+00	   0.0000000000000000e+00	
   1.6191000000000000e+05	   1.6229600000000000e+05	   1.0000000000000000e+00	   0.0000000000000000e+00	
   1.6495400000000000e+05	   1.6533500000000000e+05	   1.0000000000000000e+00	   0.0000000000000000e+00	
   1.6683000000000000e+05	   1.6731100000000000e+05	   1.0000000000000000e+00	   0.0000000000000000e+00	
   1.7727600000000000e+05	   1.7758500000000000e+05	   1.0000000000000000e+00	   0.0000000000000000e+00	
   1.8128200000000000e+05	   1.8172900000000000e+05	   1.0000000000000000e+00	   0.0000000000000000e+00	
   1.8506200000000000e+05	   1.8541600000000000e+05	   1.0000000000000000e+00	   0.0000000000000000e+00	
   1.8667800000000000e+05	   1.8717000000000000e+05	   1.0000000000000000e+00	   0.0000000000000000e+00	
   1.9641300000000000e+05	   1.9682500000000000e+05	   1.0000000000000000e+00	   0.0000000000000000e+00	
   1.9982600000000000e+05	   2.0013300000000000e+05	   1.0000000000000000e+00	   0.0000000000000000e+00	
   2.0161200000000000e+05	   2.0191500000000000e+05	   1.0000000000000000e+00	   0.0000000000000000e+00	
   2.0512200000000000e+05	   2.0552400000000000e+05	   1.0000000000000000e+00	   0.0000000000000000e+00	
   2.0876900000000000e+05	   2.0921100000000000e+05	   1.0000000000000000e+00	   0.0000000000000000e+00	
   2.1231700000000000e+05	   2.1271600000000000e+05	   1.0000000000000000e+00	   0.0000000000000000e+00	
   2.1458200000000000e+05	   2.1511700000000000e+05	   1.0000000000000000e+00	   0.0000000000000000e+00	
   2.2395000000000000e+05	   2.2412700000000000e+05	   1.0000000000000000e+00	   0.0000000000000000e+00	
   2.2448800000000000e+05	   2.2484700000000000e+05	   1.0000000000000000e+00	   0.0000000000000000e+00	
   2.2686500000000000e+05	   2.2714300000000000e+05	   1.0000000000000000e+00	   0.0000000000000000e+00	
   2.2841200000000000e+05	   2.2871800000000000e+05	   1.0000000000000000e+00	   0.0000000000000000e+00	
   2.3046700000000000e+05	   2.3094600000000000e+05	   1.0000000000000000e+00	   0.0000000000000000e+00	
   2.3318500000000000e+05	   2.3355700000000000e+05	   1.0000000000000000e+00	   0.0000000000000000e+00	
   2.4084700000000000e+05	   2.4128000000000000e+05	   1.0000000000000000e+00	   0.0000000000000000e+00	
   2.4443400000000000e+05	   2.4476700000000000e+05	   1.0000000000000000e+00	   0.0000000000000000e+00	
   2.4717700000000000e+05	   2.4748200000000000e+05	   1.0000000000000000e+00	   0.0000000000000000e+00	
   2.4982500000000000e+05	   2.5008300000000000e+05	   1.0000000000000000e+00	   0.0000000000000000e+00	
   2.5285100000000000e+05	   2.5316400000000000e+05	   1.0000000000000000e+00	   0.0000000000000000e+00	
   2.5490800000000000e+05	   2.5542600000000000e+05	   1.0000000000000000e+00	   0.0000000000000000e+00	
   2.6473100000000000e+05	   2.6511800000000000e+05	   1.0000000000000000e+00	   0.0000000000000000e+00	
   2.6511700000000000e+05	   2.6552200000000000e+05	   1.0000000000000000e+00	   0.0000000000000000e+00	
   2.6755000000000000e+05	   2.6792200000000000e+05	   1.0000000000000000e+00	   0.0000000000000000e+00	
   2.6944300000000000e+05	   2.6973900000000000e+05	   1.0000000000000000e+00	   0.0000000000000000e+00	
   2.7524000000000000e+05	   2.7557100000000000e+05	   1.0000000000000000e+00	   0.0000000000000000e+00	
   2.8146400000000000e+05	   2.8175600000000000e+05	   1.0000000000000000e+00	   0.0000000000000000e+00	
   2.8384500000000000e+05	   2.8418600000000000e+05	   1.0000000000000000e+00	   0.0000000000000000e+00	
   2.8672500000000000e+05	   2.8700400000000000e+05	   1.0000000000000000e+00	   0.0000000000000000e+00	
   2.8944700000000000e+05	   2.8973200000000000e+05	   1.0000000000000000e+00	   0.0000000000000000e+00	
   2.9184300000000000e+05	   2.9210000000000000e+05	   1.0000000000000000e+00	   0.0000000000000000e+00	
   2.9375600000000000e+05	   2.9402500000000000e+05	   1.0000000000000000e+00	   0.0000000000000000e+00	
   2.9713200000000000e+05	   2.9741100000000000e+05	   1.0000000000000000e+00	   0.0000000000000000e+00	
   3.0024800000000000e+05	   3.0054600000000000e+05	   1.0000000000000000e+00	   0.0000000000000000e+00	
   3.0279700000000000e+05	   3.0308300000000000e+05	   1.0000000000000000e+00	   0.0000000000000000e+00	
   3.0979200000000000e+05	   3.1014900000000000e+05	   1.0000000000000000e+00	   0.0000000000000000e+00	
   3.1560900000000000e+05	   3.1597900000000000e+05	   1.0000000000000000e+00	   0.0000000000000000e+00	
   3.2004200000000000e+05	   3.2033000000000000e+05	   1.0000000000000000e+00	   0.0000000000000000e+00	
   3.2506500000000000e+05	   3.2534500000000000e+05	   1.0000000000000000e+00	   0.0000000000000000e+00	
   3.3254900000000000e+05	   3.3281100000000000e+05	   1.0000000000000000e+00	   0.0000000000000000e+00	
   3.3923200000000000e+05	   3.3951600000000000e+05	   1.0000000000000000e+00	   0.0000000000000000e+00	
   3.4261000000000000e+05	   3.4293800000000000e+05	   1.0000000000000000e+00	   0.0000000000000000e+00	
   3.4491800000000000e+05	   3.4515500000000000e+05	   1.0000000000000000e+00	   0.0000000000000000e+00	
