   3.6840000000000000e+03	   4.0200000000000000e+03	   1.0000000000000000e+00	   0.0000000000000000e+00	
   7.0010000000000000e+03	   7.3210000000000000e+03	   1.0000000000000000e+00	   0.0000000000000000e+00	
   8.2860000000000000e+03	   8.6730000000000000e+03	   1.0000000000000000e+00	   0.0000000000000000e+00	
   1.8647000000000000e+04	   1.8879000000000000e+04	   1.0000000000000000e+00	   0.0000000000000000e+00	
   1.9607000000000000e+04	   1.9873000000000000e+04	   1.0000000000000000e+00	   0.0000000000000000e+00	
   3.0812000000000000e+04	   3.1189000000000000e+04	   1.0000000000000000e+00	   0.0000000000000000e+00	
   3.2893000000000000e+04	   3.3270000000000000e+04	   1.0000000000000000e+00	   0.0000000000000000e+00	
   4.1713000000000000e+04	   4.2052000000000000e+04	   1.0000000000000000e+00	   0.0000000000000000e+00	
   4.2691000000000000e+04	   4.3009000000000000e+04	   1.0000000000000000e+00	   0.0000000000000000e+00	
   5.3929000000000000e+04	   5.4352000000000000e+04	   1.0000000000000000e+00	   0.0000000000000000e+00	
   5.6362000000000000e+04	   5.6727000000000000e+04	   1.0000000000000000e+00	   0.0000000000000000e+00	
   6.6554000000000000e+04	   6.6799000000000000e+04	   1.0000000000000000e+00	   0.0000000000000000e+00	
   6.8106000000000000e+04	   6.8412000000000000e+04	   1.0000000000000000e+00	   0.0000000000000000e+00	
   7.6330000000000000e+04	   7.6755000000000000e+04	   1.0000000000000000e+00	   0.0000000000000000e+00	
   7.8163000000000000e+04	   7.8553000000000000e+04	   1.0000000000000000e+00	   0.0000000000000000e+00	
   1.0248800000000000e+05	   1.0289800000000000e+05	   1.0000000000000000e+00	   0.0000000000000000e+00	
   1.0595000000000000e+05	   1.0631800000000000e+05	   1.0000000000000000e+00	   0.0000000000000000e+00	
   1.1562700000000000e+05	   1.1610600000000000e+05	   1.0000000000000000e+00	   0.0000000000000000e+00	
   1.2484600000000000e+05	   1.2518400000000000e+05	   1.0000000000000000e+00	   0.0000000000000000e+00	
   1.2839200000000000e+05	   1.2874300000000000e+05	   1.0000000000000000e+00	   0.0000000000000000e+00	
   1.3793000000000000e+05	   1.3814100000000000e+05	   1.0000000000000000e+00	   0.0000000000000000e+00	
   1.3843400000000000e+05	   1.3881800000000000e+05	   1.0000000000000000e+00	   0.0000000000000000e+00	
   1.4471000000000000e+05	   1.4503300000000000e+05	   1.0000000000000000e+00	   0.0000000000000000e+00	
   1.4916200000000000e+05	   1.4956900000000000e+05	   1.0000000000000000e+00	   0.0000000000000000e+00	
   1.7135500000000000e+05	   1.7169400000000000e+05	   1.0000000000000000e+00	   0.0000000000000000e+00	
   1.7409900000000000e+05	   1.7454900000000000e+05	   1.0000000000000000e+00	   0.0000000000000000e+00	
   1.7707800000000000e+05	   1.7737400000000000e+05	   1.0000000000000000e+00	   0.0000000000000000e+00	
   1.8760500000000000e+05	   1.8794900000000000e+05	   1.0000000000000000e+00	   0.0000000000000000e+00	
   1.9463000000000000e+05	   1.9493400000000000e+05	   1.0000000000000000e+00	   0.0000000000000000e+00	
   2.0017800000000000e+05	   2.0052600000000000e+05	   1.0000000000000000e+00	   0.0000000000000000e+00	
   2.0980300000000000e+05	   2.1009400000000000e+05	   1.0000000000000000e+00	   0.0000000000000000e+00	
   2.1701900000000000e+05	   2.1734800000000000e+05	   1.0000000000000000e+00	   0.0000000000000000e+00	
   2.1966800000000000e+05	   2.2000300000000000e+05	   1.0000000000000000e+00	   0.0000000000000000e+00	
   2.2105200000000000e+05	   2.2146000000000000e+05	   1.0000000000000000e+00	   0.0000000000000000e+00	
   2.2473300000000000e+05	   2.2510500000000000e+05	   1.0000000000000000e+00	   0.0000000000000000e+00	
   2.2776900000000000e+05	   2.2812400000000000e+05	   1.0000000000000000e+00	   0.0000000000000000e+00	
   2.3202400000000000e+05	   2.3225500000000000e+05	   1.0000000000000000e+00	   0.0000000000000000e+00	
   2.3409900000000000e+05	   2.3441100000000000e+05	   1.0000000000000000e+00	   0.0000000000000000e+00	
   2.4116500000000000e+05	   2.4144100000000000e+05	   1.0000000000000000e+00	   0.0000000000000000e+00	
