   2.2240000000000000e+03	   2.4970000000000000e+03	   1.0000000000000000e+00	   0.0000000000000000e+00	
   1.0012000000000000e+04	   1.0264000000000000e+04	   1.0000000000000000e+00	   0.0000000000000000e+00	
   1.3182000000000000e+04	   1.3434000000000000e+04	   1.0000000000000000e+00	   0.0000000000000000e+00	
   1.6669000000000000e+04	   1.6927000000000000e+04	   1.0000000000000000e+00	   0.0000000000000000e+00	
   1.9906000000000000e+04	   2.0139000000000000e+04	   1.0000000000000000e+00	   0.0000000000000000e+00	
   2.3081000000000000e+04	   2.3293000000000000e+04	   1.0000000000000000e+00	   0.0000000000000000e+00	
   2.6973000000000000e+04	   2.7201000000000000e+04	   1.0000000000000000e+00	   0.0000000000000000e+00	
   3.1048000000000000e+04	   3.1274000000000000e+04	   1.0000000000000000e+00	   0.0000000000000000e+00	
   3.2587000000000000e+04	   3.2836000000000000e+04	   1.0000000000000000e+00	   0.0000000000000000e+00	
   3.8721000000000000e+04	   3.8976000000000000e+04	   1.0000000000000000e+00	   0.0000000000000000e+00	
   4.5479000000000000e+04	   4.5719000000000000e+04	   1.0000000000000000e+00	   0.0000000000000000e+00	
   4.8879000000000000e+04	   4.9120000000000000e+04	   1.0000000000000000e+00	   0.0000000000000000e+00	
   1.0133200000000000e+05	   1.0161400000000000e+05	   1.0000000000000000e+00	   0.0000000000000000e+00	
   1.0430000000000000e+05	   1.0457500000000000e+05	   1.0000000000000000e+00	   0.0000000000000000e+00	
