   2.4460000000000000e+03	   2.7260000000000000e+03	   1.0000000000000000e+00	   0.0000000000000000e+00	
   1.1524000000000000e+04	   1.1833000000000000e+04	   1.0000000000000000e+00	   0.0000000000000000e+00	
   2.3577000000000000e+04	   2.3887000000000000e+04	   1.0000000000000000e+00	   0.0000000000000000e+00	
   5.7680000000000000e+04	   5.8078000000000000e+04	   1.0000000000000000e+00	   0.0000000000000000e+00	
   6.3814000000000000e+04	   6.4157000000000000e+04	   1.0000000000000000e+00	   0.0000000000000000e+00	
   6.9346000000000000e+04	   6.9996000000000000e+04	   1.0000000000000000e+00	   0.0000000000000000e+00	
   7.6653000000000000e+04	   7.6878000000000000e+04	   1.0000000000000000e+00	   0.0000000000000000e+00	
   7.9889000000000000e+04	   8.0300000000000000e+04	   1.0000000000000000e+00	   0.0000000000000000e+00	
   8.1958000000000000e+04	   8.2398000000000000e+04	   1.0000000000000000e+00	   0.0000000000000000e+00	
   8.4351000000000000e+04	   8.4814000000000000e+04	   1.0000000000000000e+00	   0.0000000000000000e+00	
   1.0174700000000000e+05	   1.0208000000000000e+05	   1.0000000000000000e+00	   0.0000000000000000e+00	
   1.0549100000000000e+05	   1.0576000000000000e+05	   1.0000000000000000e+00	   0.0000000000000000e+00	
   1.1243300000000000e+05	   1.1293000000000000e+05	   1.0000000000000000e+00	   0.0000000000000000e+00	
   1.3133800000000000e+05	   1.3187700000000000e+05	   1.0000000000000000e+00	   0.0000000000000000e+00	
   1.3839700000000000e+05	   1.3869400000000000e+05	   1.0000000000000000e+00	   0.0000000000000000e+00	
   1.4820100000000000e+05	   1.4870800000000000e+05	   1.0000000000000000e+00	   0.0000000000000000e+00	
   1.5044000000000000e+05	   1.5094000000000000e+05	   1.0000000000000000e+00	   0.0000000000000000e+00	
   1.6616800000000000e+05	   1.6649400000000000e+05	   1.0000000000000000e+00	   0.0000000000000000e+00	
   1.7265900000000000e+05	   1.7310000000000000e+05	   1.0000000000000000e+00	   0.0000000000000000e+00	
   1.7473100000000000e+05	   1.7526100000000000e+05	   1.0000000000000000e+00	   0.0000000000000000e+00	
   1.8071000000000000e+05	   1.8100100000000000e+05	   1.0000000000000000e+00	   0.0000000000000000e+00	
   1.8572800000000000e+05	   1.8619600000000000e+05	   1.0000000000000000e+00	   0.0000000000000000e+00	
   2.0126500000000000e+05	   2.0151700000000000e+05	   1.0000000000000000e+00	   0.0000000000000000e+00	
   2.0660600000000000e+05	   2.0683700000000000e+05	   1.0000000000000000e+00	   0.0000000000000000e+00	
   2.0960700000000000e+05	   2.0984100000000000e+05	   1.0000000000000000e+00	   0.0000000000000000e+00	
   2.0986000000000000e+05	   2.1033100000000000e+05	   1.0000000000000000e+00	   0.0000000000000000e+00	
   2.1463900000000000e+05	   2.1488600000000000e+05	   1.0000000000000000e+00	   0.0000000000000000e+00	
