   1.5990000000000000e+03	   1.9310000000000000e+03	   1.0000000000000000e+00	   0.0000000000000000e+00	
   6.8470000000000000e+03	   7.1580000000000000e+03	   1.0000000000000000e+00	   0.0000000000000000e+00	
   9.5350000000000000e+03	   9.7790000000000000e+03	   1.0000000000000000e+00	   0.0000000000000000e+00	
   1.3188000000000000e+04	   1.3451000000000000e+04	   1.0000000000000000e+00	   0.0000000000000000e+00	
   1.8517000000000000e+04	   1.8817000000000000e+04	   1.0000000000000000e+00	   0.0000000000000000e+00	
   2.1960000000000000e+04	   2.2227000000000000e+04	   1.0000000000000000e+00	   0.0000000000000000e+00	
   2.7006000000000000e+04	   2.7291000000000000e+04	   1.0000000000000000e+00	   0.0000000000000000e+00	
   3.1162000000000000e+04	   3.1439000000000000e+04	   1.0000000000000000e+00	   0.0000000000000000e+00	
   7.3862000000000000e+04	   7.4135000000000000e+04	   1.0000000000000000e+00	   0.0000000000000000e+00	
   7.6366000000000000e+04	   7.6691000000000000e+04	   1.0000000000000000e+00	   0.0000000000000000e+00	
   8.0733000000000000e+04	   8.1009000000000000e+04	   1.0000000000000000e+00	   0.0000000000000000e+00	
   8.5448000000000000e+04	   8.5758000000000000e+04	   1.0000000000000000e+00	   0.0000000000000000e+00	
   8.7029000000000000e+04	   8.7508000000000000e+04	   1.0000000000000000e+00	   0.0000000000000000e+00	
   9.4079000000000000e+04	   9.4503000000000000e+04	   1.0000000000000000e+00	   0.0000000000000000e+00	
