   2.2040000000000000e+03	   2.5640000000000000e+03	   1.0000000000000000e+00	   0.0000000000000000e+00	
   5.2730000000000000e+03	   5.5300000000000000e+03	   1.0000000000000000e+00	   0.0000000000000000e+00	
   1.4211000000000000e+04	   1.4504000000000000e+04	   1.0000000000000000e+00	   0.0000000000000000e+00	
   1.9609000000000000e+04	   1.9893000000000000e+04	   1.0000000000000000e+00	   0.0000000000000000e+00	
   2.4310000000000000e+04	   2.4601000000000000e+04	   1.0000000000000000e+00	   0.0000000000000000e+00	
   2.8693000000000000e+04	   2.8976000000000000e+04	   1.0000000000000000e+00	   0.0000000000000000e+00	
   3.4261000000000000e+04	   3.4518000000000000e+04	   1.0000000000000000e+00	   0.0000000000000000e+00	
   9.0820000000000000e+04	   9.1091000000000000e+04	   1.0000000000000000e+00	   0.0000000000000000e+00	
   9.2034000000000000e+04	   9.2281000000000000e+04	   1.0000000000000000e+00	   0.0000000000000000e+00	
   9.5186000000000000e+04	   9.5577000000000000e+04	   1.0000000000000000e+00	   0.0000000000000000e+00	
   1.0416400000000000e+05	   1.0452400000000000e+05	   1.0000000000000000e+00	   0.0000000000000000e+00	
   1.0943900000000000e+05	   1.0984400000000000e+05	   1.0000000000000000e+00	   0.0000000000000000e+00	
