   1.3416000000000000e+04	   1.3759000000000000e+04	   1.0000000000000000e+00	   0.0000000000000000e+00	
   2.1269000000000000e+04	   2.1643000000000000e+04	   1.0000000000000000e+00	   0.0000000000000000e+00	
   3.2589000000000000e+04	   3.2898000000000000e+04	   1.0000000000000000e+00	   0.0000000000000000e+00	
   3.7299000000000000e+04	   3.7598000000000000e+04	   1.0000000000000000e+00	   0.0000000000000000e+00	
   4.1471000000000000e+04	   4.1760000000000000e+04	   1.0000000000000000e+00	   0.0000000000000000e+00	
   4.4479000000000000e+04	   4.4775000000000000e+04	   1.0000000000000000e+00	   0.0000000000000000e+00	
   8.5199000000000000e+04	   8.5471000000000000e+04	   1.0000000000000000e+00	   0.0000000000000000e+00	
   9.1123000000000000e+04	   9.1576000000000000e+04	   1.0000000000000000e+00	   0.0000000000000000e+00	
   9.7564000000000000e+04	   9.7838000000000000e+04	   1.0000000000000000e+00	   0.0000000000000000e+00	
   1.0193000000000000e+05	   1.0216800000000000e+05	   1.0000000000000000e+00	   0.0000000000000000e+00	
   1.0851500000000000e+05	   1.0882800000000000e+05	   1.0000000000000000e+00	   0.0000000000000000e+00	
   1.1160400000000000e+05	   1.1187600000000000e+05	   1.0000000000000000e+00	   0.0000000000000000e+00	
   1.4503100000000000e+05	   1.4527500000000000e+05	   1.0000000000000000e+00	   0.0000000000000000e+00	
   1.5014300000000000e+05	   1.5040000000000000e+05	   1.0000000000000000e+00	   0.0000000000000000e+00	
   1.5763700000000000e+05	   1.5793600000000000e+05	   1.0000000000000000e+00	   0.0000000000000000e+00	
   1.6288500000000000e+05	   1.6315200000000000e+05	   1.0000000000000000e+00	   0.0000000000000000e+00	
   1.6750400000000000e+05	   1.6773700000000000e+05	   1.0000000000000000e+00	   0.0000000000000000e+00	
   2.1319300000000000e+05	   2.1337200000000000e+05	   1.0000000000000000e+00	   0.0000000000000000e+00	
   2.1813400000000000e+05	   2.1841300000000000e+05	   1.0000000000000000e+00	   0.0000000000000000e+00	
   2.2074000000000000e+05	   2.2131500000000000e+05	   1.0000000000000000e+00	   0.0000000000000000e+00	
