   1.3690000000000000e+03	   1.6400000000000000e+03	   1.0000000000000000e+00	   0.0000000000000000e+00	
   4.9800000000000000e+03	   5.3020000000000000e+03	   1.0000000000000000e+00	   0.0000000000000000e+00	
   8.7800000000000000e+03	   9.0900000000000000e+03	   1.0000000000000000e+00	   0.0000000000000000e+00	
   1.4628000000000000e+04	   1.4943000000000000e+04	   1.0000000000000000e+00	   0.0000000000000000e+00	
   2.0626000000000000e+04	   2.1058000000000000e+04	   1.0000000000000000e+00	   0.0000000000000000e+00	
   2.6167000000000000e+04	   2.6529000000000000e+04	   1.0000000000000000e+00	   0.0000000000000000e+00	
   3.0980000000000000e+04	   3.1311000000000000e+04	   1.0000000000000000e+00	   0.0000000000000000e+00	
   4.1221000000000000e+04	   4.1781000000000000e+04	   1.0000000000000000e+00	   0.0000000000000000e+00	
   9.2276000000000000e+04	   9.2689000000000000e+04	   1.0000000000000000e+00	   0.0000000000000000e+00	
   1.0423200000000000e+05	   1.0453500000000000e+05	   1.0000000000000000e+00	   0.0000000000000000e+00	
   1.1002600000000000e+05	   1.1060900000000000e+05	   1.0000000000000000e+00	   0.0000000000000000e+00	
   1.2055900000000000e+05	   1.2082800000000000e+05	   1.0000000000000000e+00	   0.0000000000000000e+00	
   1.2189000000000000e+05	   1.2217000000000000e+05	   1.0000000000000000e+00	   0.0000000000000000e+00	
   1.2336300000000000e+05	   1.2395000000000000e+05	   1.0000000000000000e+00	   0.0000000000000000e+00	
   1.3293500000000000e+05	   1.3319000000000000e+05	   1.0000000000000000e+00	   0.0000000000000000e+00	
   1.3641400000000000e+05	   1.3675400000000000e+05	   1.0000000000000000e+00	   0.0000000000000000e+00	
   1.3750600000000000e+05	   1.3806500000000000e+05	   1.0000000000000000e+00	   0.0000000000000000e+00	
   1.4722500000000000e+05	   1.4742800000000000e+05	   1.0000000000000000e+00	   0.0000000000000000e+00	
   1.5114800000000000e+05	   1.5147600000000000e+05	   1.0000000000000000e+00	   0.0000000000000000e+00	
   1.5242300000000000e+05	   1.5296800000000000e+05	   1.0000000000000000e+00	   0.0000000000000000e+00	
   1.6214800000000000e+05	   1.6235900000000000e+05	   1.0000000000000000e+00	   0.0000000000000000e+00	
   1.6432700000000000e+05	   1.6457900000000000e+05	   1.0000000000000000e+00	   0.0000000000000000e+00	
   1.6579100000000000e+05	   1.6605500000000000e+05	   1.0000000000000000e+00	   0.0000000000000000e+00	
   1.6791000000000000e+05	   1.6826000000000000e+05	   1.0000000000000000e+00	   0.0000000000000000e+00	
   1.7060300000000000e+05	   1.7093100000000000e+05	   1.0000000000000000e+00	   0.0000000000000000e+00	
   1.7356200000000000e+05	   1.7387100000000000e+05	   1.0000000000000000e+00	   0.0000000000000000e+00	
   1.7685600000000000e+05	   1.7721200000000000e+05	   1.0000000000000000e+00	   0.0000000000000000e+00	
   1.8454800000000000e+05	   1.8490700000000000e+05	   1.0000000000000000e+00	   0.0000000000000000e+00	
   1.9159800000000000e+05	   1.9191900000000000e+05	   1.0000000000000000e+00	   0.0000000000000000e+00	
   1.9913200000000000e+05	   1.9944100000000000e+05	   1.0000000000000000e+00	   0.0000000000000000e+00	
   2.0416000000000000e+05	   2.0451500000000000e+05	   1.0000000000000000e+00	   0.0000000000000000e+00	
   2.0714000000000000e+05	   2.0748100000000000e+05	   1.0000000000000000e+00	   0.0000000000000000e+00	
   2.1780900000000000e+05	   2.1807700000000000e+05	   1.0000000000000000e+00	   0.0000000000000000e+00	
   2.2242100000000000e+05	   2.2286200000000000e+05	   1.0000000000000000e+00	   0.0000000000000000e+00	
   2.3023400000000000e+05	   2.3056100000000000e+05	   1.0000000000000000e+00	   0.0000000000000000e+00	
   2.3243900000000000e+05	   2.3271900000000000e+05	   1.0000000000000000e+00	   0.0000000000000000e+00	
   2.3746100000000000e+05	   2.3776800000000000e+05	   1.0000000000000000e+00	   0.0000000000000000e+00	
   2.4375600000000000e+05	   2.4408500000000000e+05	   1.0000000000000000e+00	   0.0000000000000000e+00	
   2.5178700000000000e+05	   2.5208800000000000e+05	   1.0000000000000000e+00	   0.0000000000000000e+00	
