   5.0640000000000000e+03	   5.3200000000000000e+03	   1.0000000000000000e+00	   0.0000000000000000e+00	
   1.0032000000000000e+04	   1.0255000000000000e+04	   1.0000000000000000e+00	   0.0000000000000000e+00	
   1.5438000000000000e+04	   1.5681000000000000e+04	   1.0000000000000000e+00	   0.0000000000000000e+00	
   2.2961000000000000e+04	   2.3199000000000000e+04	   1.0000000000000000e+00	   0.0000000000000000e+00	
   2.7230000000000000e+04	   2.7618000000000000e+04	   1.0000000000000000e+00	   0.0000000000000000e+00	
   2.8515000000000000e+04	   2.8891000000000000e+04	   1.0000000000000000e+00	   0.0000000000000000e+00	
   4.1378000000000000e+04	   4.1639000000000000e+04	   1.0000000000000000e+00	   0.0000000000000000e+00	
   4.8222000000000000e+04	   4.8467000000000000e+04	   1.0000000000000000e+00	   0.0000000000000000e+00	
   5.2283000000000000e+04	   5.2737000000000000e+04	   1.0000000000000000e+00	   0.0000000000000000e+00	
   6.5530000000000000e+04	   6.5770000000000000e+04	   1.0000000000000000e+00	   0.0000000000000000e+00	
   6.8088000000000000e+04	   6.8299000000000000e+04	   1.0000000000000000e+00	   0.0000000000000000e+00	
   7.1690000000000000e+04	   7.2050000000000000e+04	   1.0000000000000000e+00	   0.0000000000000000e+00	
   7.4590000000000000e+04	   7.4998000000000000e+04	   1.0000000000000000e+00	   0.0000000000000000e+00	
   8.7533000000000000e+04	   8.7802000000000000e+04	   1.0000000000000000e+00	   0.0000000000000000e+00	
   9.0289000000000000e+04	   9.0589000000000000e+04	   1.0000000000000000e+00	   0.0000000000000000e+00	
   9.4834000000000000e+04	   9.5151000000000000e+04	   1.0000000000000000e+00	   0.0000000000000000e+00	
   9.9656000000000000e+04	   9.9930000000000000e+04	   1.0000000000000000e+00	   0.0000000000000000e+00	
   1.0351400000000000e+05	   1.0376500000000000e+05	   1.0000000000000000e+00	   0.0000000000000000e+00	
   1.1167700000000000e+05	   1.1200400000000000e+05	   1.0000000000000000e+00	   0.0000000000000000e+00	
   1.1386800000000000e+05	   1.1411500000000000e+05	   1.0000000000000000e+00	   0.0000000000000000e+00	
   1.1692900000000000e+05	   1.1731800000000000e+05	   1.0000000000000000e+00	   0.0000000000000000e+00	
   1.2085300000000000e+05	   1.2128900000000000e+05	   1.0000000000000000e+00	   0.0000000000000000e+00	
   1.2267400000000000e+05	   1.2300000000000000e+05	   1.0000000000000000e+00	   0.0000000000000000e+00	
   1.3170700000000000e+05	   1.3196200000000000e+05	   1.0000000000000000e+00	   0.0000000000000000e+00	
   1.3500800000000000e+05	   1.3528200000000000e+05	   1.0000000000000000e+00	   0.0000000000000000e+00	
   1.3670000000000000e+05	   1.3692000000000000e+05	   1.0000000000000000e+00	   0.0000000000000000e+00	
   1.3862000000000000e+05	   1.3901700000000000e+05	   1.0000000000000000e+00	   0.0000000000000000e+00	
   1.4731100000000000e+05	   1.4754500000000000e+05	   1.0000000000000000e+00	   0.0000000000000000e+00	
   1.5071000000000000e+05	   1.5108500000000000e+05	   1.0000000000000000e+00	   0.0000000000000000e+00	
   1.5468500000000000e+05	   1.5492300000000000e+05	   1.0000000000000000e+00	   0.0000000000000000e+00	
   1.5662400000000000e+05	   1.5686800000000000e+05	   1.0000000000000000e+00	   0.0000000000000000e+00	
   1.5955200000000000e+05	   1.5977400000000000e+05	   1.0000000000000000e+00	   0.0000000000000000e+00	
   1.6179800000000000e+05	   1.6200900000000000e+05	   1.0000000000000000e+00	   0.0000000000000000e+00	
   1.6328100000000000e+05	   1.6347600000000000e+05	   1.0000000000000000e+00	   0.0000000000000000e+00	
   1.6560000000000000e+05	   1.6581700000000000e+05	   1.0000000000000000e+00	   0.0000000000000000e+00	
   1.6790100000000000e+05	   1.6811900000000000e+05	   1.0000000000000000e+00	   0.0000000000000000e+00	
   1.6988500000000000e+05	   1.7010500000000000e+05	   1.0000000000000000e+00	   0.0000000000000000e+00	
   1.7114800000000000e+05	   1.7135700000000000e+05	   1.0000000000000000e+00	   0.0000000000000000e+00	
   1.7268100000000000e+05	   1.7289600000000000e+05	   1.0000000000000000e+00	   0.0000000000000000e+00	
   1.7451000000000000e+05	   1.7474100000000000e+05	   1.0000000000000000e+00	   0.0000000000000000e+00	
   1.7804500000000000e+05	   1.7828900000000000e+05	   1.0000000000000000e+00	   0.0000000000000000e+00	
   1.8098300000000000e+05	   1.8120300000000000e+05	   1.0000000000000000e+00	   0.0000000000000000e+00	
