   9.8430000000000000e+03	   1.0124000000000000e+04	   1.0000000000000000e+00	   0.0000000000000000e+00	
   1.4798000000000000e+04	   1.5086000000000000e+04	   1.0000000000000000e+00	   0.0000000000000000e+00	
   2.0471000000000000e+04	   2.0734000000000000e+04	   1.0000000000000000e+00	   0.0000000000000000e+00	
   2.7931000000000000e+04	   2.8259000000000000e+04	   1.0000000000000000e+00	   0.0000000000000000e+00	
   3.8585000000000000e+04	   3.8971000000000000e+04	   1.0000000000000000e+00	   0.0000000000000000e+00	
   4.9493000000000000e+04	   4.9767000000000000e+04	   1.0000000000000000e+00	   0.0000000000000000e+00	
   5.9681000000000000e+04	   5.9958000000000000e+04	   1.0000000000000000e+00	   0.0000000000000000e+00	
   6.1680000000000000e+04	   6.1885000000000000e+04	   1.0000000000000000e+00	   0.0000000000000000e+00	
   6.4640000000000000e+04	   6.4921000000000000e+04	   1.0000000000000000e+00	   0.0000000000000000e+00	
   6.6595000000000000e+04	   6.6973000000000000e+04	   1.0000000000000000e+00	   0.0000000000000000e+00	
   7.8108000000000000e+04	   7.8411000000000000e+04	   1.0000000000000000e+00	   0.0000000000000000e+00	
   8.1059000000000000e+04	   8.1268000000000000e+04	   1.0000000000000000e+00	   0.0000000000000000e+00	
   8.2789000000000000e+04	   8.3140000000000000e+04	   1.0000000000000000e+00	   0.0000000000000000e+00	
   8.5605000000000000e+04	   8.5990000000000000e+04	   1.0000000000000000e+00	   0.0000000000000000e+00	
   8.8103000000000000e+04	   8.8429000000000000e+04	   1.0000000000000000e+00	   0.0000000000000000e+00	
   9.9613000000000000e+04	   9.9845000000000000e+04	   1.0000000000000000e+00	   0.0000000000000000e+00	
   1.0139200000000000e+05	   1.0165100000000000e+05	   1.0000000000000000e+00	   0.0000000000000000e+00	
   1.0315900000000000e+05	   1.0351500000000000e+05	   1.0000000000000000e+00	   0.0000000000000000e+00	
   1.1532600000000000e+05	   1.1558600000000000e+05	   1.0000000000000000e+00	   0.0000000000000000e+00	
   1.1664900000000000e+05	   1.1699800000000000e+05	   1.0000000000000000e+00	   0.0000000000000000e+00	
   1.1846400000000000e+05	   1.1883000000000000e+05	   1.0000000000000000e+00	   0.0000000000000000e+00	
   1.2954700000000000e+05	   1.2975800000000000e+05	   1.0000000000000000e+00	   0.0000000000000000e+00	
   1.3096700000000000e+05	   1.3131200000000000e+05	   1.0000000000000000e+00	   0.0000000000000000e+00	
   1.3209300000000000e+05	   1.3244400000000000e+05	   1.0000000000000000e+00	   0.0000000000000000e+00	
   1.3350600000000000e+05	   1.3386300000000000e+05	   1.0000000000000000e+00	   0.0000000000000000e+00	
   1.4423300000000000e+05	   1.4445100000000000e+05	   1.0000000000000000e+00	   0.0000000000000000e+00	
   1.4614200000000000e+05	   1.4644700000000000e+05	   1.0000000000000000e+00	   0.0000000000000000e+00	
   1.4716300000000000e+05	   1.4745300000000000e+05	   1.0000000000000000e+00	   0.0000000000000000e+00	
   1.4841700000000000e+05	   1.4882200000000000e+05	   1.0000000000000000e+00	   0.0000000000000000e+00	
   1.5932300000000000e+05	   1.5958100000000000e+05	   1.0000000000000000e+00	   0.0000000000000000e+00	
   1.6134100000000000e+05	   1.6165300000000000e+05	   1.0000000000000000e+00	   0.0000000000000000e+00	
   1.6300600000000000e+05	   1.6342200000000000e+05	   1.0000000000000000e+00	   0.0000000000000000e+00	
   1.6486600000000000e+05	   1.6526300000000000e+05	   1.0000000000000000e+00	   0.0000000000000000e+00	
   1.7619300000000000e+05	   1.7643600000000000e+05	   1.0000000000000000e+00	   0.0000000000000000e+00	
   1.7865100000000000e+05	   1.7899600000000000e+05	   1.0000000000000000e+00	   0.0000000000000000e+00	
   1.8081100000000000e+05	   1.8124300000000000e+05	   1.0000000000000000e+00	   0.0000000000000000e+00	
   1.8404000000000000e+05	   1.8446700000000000e+05	   1.0000000000000000e+00	   0.0000000000000000e+00	
   1.8591400000000000e+05	   1.8621500000000000e+05	   1.0000000000000000e+00	   0.0000000000000000e+00	
   1.9712900000000000e+05	   1.9733900000000000e+05	   1.0000000000000000e+00	   0.0000000000000000e+00	
   1.9993400000000000e+05	   2.0027100000000000e+05	   1.0000000000000000e+00	   0.0000000000000000e+00	
   2.0164200000000000e+05	   2.0191200000000000e+05	   1.0000000000000000e+00	   0.0000000000000000e+00	
   2.0312000000000000e+05	   2.0349500000000000e+05	   1.0000000000000000e+00	   0.0000000000000000e+00	
   2.1461400000000000e+05	   2.1489500000000000e+05	   1.0000000000000000e+00	   0.0000000000000000e+00	
   2.1751800000000000e+05	   2.1782900000000000e+05	   1.0000000000000000e+00	   0.0000000000000000e+00	
   2.1973000000000000e+05	   2.1997800000000000e+05	   1.0000000000000000e+00	   0.0000000000000000e+00	
   2.2076300000000000e+05	   2.2114600000000000e+05	   1.0000000000000000e+00	   0.0000000000000000e+00	
   2.2114500000000000e+05	   2.2140100000000000e+05	   1.0000000000000000e+00	   0.0000000000000000e+00	
   2.3383700000000000e+05	   2.3408300000000000e+05	   1.0000000000000000e+00	   0.0000000000000000e+00	
   2.3660100000000000e+05	   2.3692900000000000e+05	   1.0000000000000000e+00	   0.0000000000000000e+00	
   2.3823900000000000e+05	   2.3845400000000000e+05	   1.0000000000000000e+00	   0.0000000000000000e+00	
   2.4001400000000000e+05	   2.4028200000000000e+05	   1.0000000000000000e+00	   0.0000000000000000e+00	
   2.4208300000000000e+05	   2.4234300000000000e+05	   1.0000000000000000e+00	   0.0000000000000000e+00	
   2.4484000000000000e+05	   2.4507900000000000e+05	   1.0000000000000000e+00	   0.0000000000000000e+00	
   2.4746500000000000e+05	   2.4772600000000000e+05	   1.0000000000000000e+00	   0.0000000000000000e+00	
   2.5129400000000000e+05	   2.5158800000000000e+05	   1.0000000000000000e+00	   0.0000000000000000e+00	
   2.5441400000000000e+05	   2.5468900000000000e+05	   1.0000000000000000e+00	   0.0000000000000000e+00	
   2.5793400000000000e+05	   2.5819700000000000e+05	   1.0000000000000000e+00	   0.0000000000000000e+00	
   2.6314300000000000e+05	   2.6339000000000000e+05	   1.0000000000000000e+00	   0.0000000000000000e+00	
   2.6807500000000000e+05	   2.6833300000000000e+05	   1.0000000000000000e+00	   0.0000000000000000e+00	
   2.7168800000000000e+05	   2.7192500000000000e+05	   1.0000000000000000e+00	   0.0000000000000000e+00	
   2.7562900000000000e+05	   2.7588500000000000e+05	   1.0000000000000000e+00	   0.0000000000000000e+00	
   2.8028900000000000e+05	   2.8053900000000000e+05	   1.0000000000000000e+00	   0.0000000000000000e+00	
   2.8401600000000000e+05	   2.8427000000000000e+05	   1.0000000000000000e+00	   0.0000000000000000e+00	
   2.8793500000000000e+05	   2.8817600000000000e+05	   1.0000000000000000e+00	   0.0000000000000000e+00	
   2.9198500000000000e+05	   2.9224000000000000e+05	   1.0000000000000000e+00	   0.0000000000000000e+00	
   2.9751900000000000e+05	   2.9775800000000000e+05	   1.0000000000000000e+00	   0.0000000000000000e+00	
   3.0172500000000000e+05	   3.0196800000000000e+05	   1.0000000000000000e+00	   0.0000000000000000e+00	
   3.0757500000000000e+05	   3.0782000000000000e+05	   1.0000000000000000e+00	   0.0000000000000000e+00	
