   1.9960000000000000e+03	   2.2810000000000000e+03	   1.0000000000000000e+00	   0.0000000000000000e+00	
   7.5980000000000000e+03	   7.8490000000000000e+03	   1.0000000000000000e+00	   0.0000000000000000e+00	
   1.2645000000000000e+04	   1.2874000000000000e+04	   1.0000000000000000e+00	   0.0000000000000000e+00	
   1.5041000000000000e+04	   1.5233000000000000e+04	   1.0000000000000000e+00	   0.0000000000000000e+00	
   1.7434000000000000e+04	   1.7673000000000000e+04	   1.0000000000000000e+00	   0.0000000000000000e+00	
   2.3580000000000000e+04	   2.3808000000000000e+04	   1.0000000000000000e+00	   0.0000000000000000e+00	
   2.9251000000000000e+04	   2.9520000000000000e+04	   1.0000000000000000e+00	   0.0000000000000000e+00	
   3.5134000000000000e+04	   3.5364000000000000e+04	   1.0000000000000000e+00	   0.0000000000000000e+00	
   4.6053000000000000e+04	   4.6352000000000000e+04	   1.0000000000000000e+00	   0.0000000000000000e+00	
   4.9405000000000000e+04	   4.9843000000000000e+04	   1.0000000000000000e+00	   0.0000000000000000e+00	
   5.9933000000000000e+04	   6.0169000000000000e+04	   1.0000000000000000e+00	   0.0000000000000000e+00	
   6.4816000000000000e+04	   6.5093000000000000e+04	   1.0000000000000000e+00	   0.0000000000000000e+00	
   6.6676000000000000e+04	   6.7106000000000000e+04	   1.0000000000000000e+00	   0.0000000000000000e+00	
   7.7184000000000000e+04	   7.7411000000000000e+04	   1.0000000000000000e+00	   0.0000000000000000e+00	
   7.7940000000000000e+04	   7.8199000000000000e+04	   1.0000000000000000e+00	   0.0000000000000000e+00	
   7.9363000000000000e+04	   7.9769000000000000e+04	   1.0000000000000000e+00	   0.0000000000000000e+00	
   9.0488000000000000e+04	   9.0866000000000000e+04	   1.0000000000000000e+00	   0.0000000000000000e+00	
   9.3065000000000000e+04	   9.3530000000000000e+04	   1.0000000000000000e+00	   0.0000000000000000e+00	
   9.5279000000000000e+04	   9.5708000000000000e+04	   1.0000000000000000e+00	   0.0000000000000000e+00	
   1.0573800000000000e+05	   1.0597900000000000e+05	   1.0000000000000000e+00	   0.0000000000000000e+00	
   1.0732400000000000e+05	   1.0770300000000000e+05	   1.0000000000000000e+00	   0.0000000000000000e+00	
   1.0940300000000000e+05	   1.0977200000000000e+05	   1.0000000000000000e+00	   0.0000000000000000e+00	
   1.2011400000000000e+05	   1.2037600000000000e+05	   1.0000000000000000e+00	   0.0000000000000000e+00	
   1.2219800000000000e+05	   1.2258900000000000e+05	   1.0000000000000000e+00	   0.0000000000000000e+00	
   1.2392300000000000e+05	   1.2433800000000000e+05	   1.0000000000000000e+00	   0.0000000000000000e+00	
   1.3473400000000000e+05	   1.3500000000000000e+05	   1.0000000000000000e+00	   0.0000000000000000e+00	
   1.3627800000000000e+05	   1.3653100000000000e+05	   1.0000000000000000e+00	   0.0000000000000000e+00	
   1.3716800000000000e+05	   1.3760500000000000e+05	   1.0000000000000000e+00	   0.0000000000000000e+00	
   1.4814100000000000e+05	   1.4842300000000000e+05	   1.0000000000000000e+00	   0.0000000000000000e+00	
   1.4922900000000000e+05	   1.4956500000000000e+05	   1.0000000000000000e+00	   0.0000000000000000e+00	
   1.5045600000000000e+05	   1.5085600000000000e+05	   1.0000000000000000e+00	   0.0000000000000000e+00	
   1.5206300000000000e+05	   1.5246700000000000e+05	   1.0000000000000000e+00	   0.0000000000000000e+00	
   1.6235600000000000e+05	   1.6259800000000000e+05	   1.0000000000000000e+00	   0.0000000000000000e+00	
   1.6410200000000000e+05	   1.6449200000000000e+05	   1.0000000000000000e+00	   0.0000000000000000e+00	
   1.6614300000000000e+05	   1.6642500000000000e+05	   1.0000000000000000e+00	   0.0000000000000000e+00	
   1.6794400000000000e+05	   1.6820400000000000e+05	   1.0000000000000000e+00	   0.0000000000000000e+00	
   1.6975800000000000e+05	   1.7004500000000000e+05	   1.0000000000000000e+00	   0.0000000000000000e+00	
   1.7162800000000000e+05	   1.7189300000000000e+05	   1.0000000000000000e+00	   0.0000000000000000e+00	
   1.7412500000000000e+05	   1.7435700000000000e+05	   1.0000000000000000e+00	   0.0000000000000000e+00	
   1.7690900000000000e+05	   1.7719400000000000e+05	   1.0000000000000000e+00	   0.0000000000000000e+00	
   1.7983900000000000e+05	   1.8006900000000000e+05	   1.0000000000000000e+00	   0.0000000000000000e+00	
   1.8230900000000000e+05	   1.8253400000000000e+05	   1.0000000000000000e+00	   0.0000000000000000e+00	
   1.8477200000000000e+05	   1.8501500000000000e+05	   1.0000000000000000e+00	   0.0000000000000000e+00	
   1.8717400000000000e+05	   1.8746300000000000e+05	   1.0000000000000000e+00	   0.0000000000000000e+00	
   1.8984500000000000e+05	   1.9009800000000000e+05	   1.0000000000000000e+00	   0.0000000000000000e+00	
   1.9356800000000000e+05	   1.9384000000000000e+05	   1.0000000000000000e+00	   0.0000000000000000e+00	
   1.9647800000000000e+05	   1.9671600000000000e+05	   1.0000000000000000e+00	   0.0000000000000000e+00	
   1.9981000000000000e+05	   2.0005500000000000e+05	   1.0000000000000000e+00	   0.0000000000000000e+00	
   2.0206100000000000e+05	   2.0231100000000000e+05	   1.0000000000000000e+00	   0.0000000000000000e+00	
   2.0463800000000000e+05	   2.0489500000000000e+05	   1.0000000000000000e+00	   0.0000000000000000e+00	
   2.0771900000000000e+05	   2.0795800000000000e+05	   1.0000000000000000e+00	   0.0000000000000000e+00	
   2.1371500000000000e+05	   2.1406800000000000e+05	   1.0000000000000000e+00	   0.0000000000000000e+00	
   2.1899600000000000e+05	   2.1926500000000000e+05	   1.0000000000000000e+00	   0.0000000000000000e+00	
   2.2312900000000000e+05	   2.2339100000000000e+05	   1.0000000000000000e+00	   0.0000000000000000e+00	
   2.2649400000000000e+05	   2.2672300000000000e+05	   1.0000000000000000e+00	   0.0000000000000000e+00	
   2.2978800000000000e+05	   2.3000200000000000e+05	   1.0000000000000000e+00	   0.0000000000000000e+00	
   2.3564200000000000e+05	   2.3596700000000000e+05	   1.0000000000000000e+00	   0.0000000000000000e+00	
   2.4101900000000000e+05	   2.4129300000000000e+05	   1.0000000000000000e+00	   0.0000000000000000e+00	
   2.4596500000000000e+05	   2.4621300000000000e+05	   1.0000000000000000e+00	   0.0000000000000000e+00	
   2.5098700000000000e+05	   2.5124700000000000e+05	   1.0000000000000000e+00	   0.0000000000000000e+00	
   2.5637800000000000e+05	   2.5664400000000000e+05	   1.0000000000000000e+00	   0.0000000000000000e+00	
   2.5911500000000000e+05	   2.5939500000000000e+05	   1.0000000000000000e+00	   0.0000000000000000e+00	
   2.6347400000000000e+05	   2.6372100000000000e+05	   1.0000000000000000e+00	   0.0000000000000000e+00	
